Done by 
Abhimanyu Rana(akr140230)
Rahul Saraf(rss130030)
*************************************
Executing the code:
+++++++++++++++++++++++++++++++++++++
Run the code by placing the test_data.txt in the same folder and running the following command:
	1. javac kmeans.javac
	2. java kmeans <k-value> test_data.txt output.txt

+++++++++++++++++++++++++++++++++++++
OUTPUT
+++++++++++++++++++++++++++++++++++++

#Run1

1  1,2,6,8,10,12,13,17,19,20,24,27,29,34,38,39,41,51,53,54,55,57,58,61,63,65,73,75,77,78,85,88,89,93,94,97,98,99
2  3,4,11,14,16,18,21,22,25,26,28,32,33,36,37,40,42,48,50,52,56,59,60,64,68,69,70,71,72,74,80,82,83,84,91,92,95,96,100
3  5,7,9,15,23,30,31,35,43,44,45,46,47,49,62,66,67,76,79,81,86,87,90
Value of SSE: 0.10538678993653294

#Run2

1  1,2,8,10,17,61,73,85,89,94,98,99
2  5,7,31,35,43,62,67,79,87
3  6,12,13,19,20,24,27,29,34,38,39,41,51,53,54,55,57,58,63,65,75,77,78,88,93,97
4  9,15,23,30,44,45,46,47,49,66,76,81,86,90
5  14,18,21,33,40,50,69,74,80,84,91
6  28,36,37,48,68,71,72,82,83,92,95,96
7  3,4,11,16,22,25,26,32,42,52,56,59,60,64,70,100
Value of SSE: 0.2577802522705687

#Run3

1  1,53,57,61,65
2  69,80
3  14,26,33,40,50,83,84,91
4  28,36,37,48,68,72,82,95,96
5  5,7,43,62,67,87
6  31,79
7  2,8,17,94,98,99
8  4,11,22,70,71,92
9  3,16,25,42,56,100
10  18,21,74
11  32,52,59,60,64
12  10
13  9,15,23,30,35,44,45,46,47,49,66,76,81,86,90
14  6,12,13,38,75,93,97
15  19,20,24,27,29,34,39,41,51,54,55,58,63,73,77,78,85,88,89
Value of SSE: 0.519618761478872

#Run4

1  48,82,95,96
2  32,52
3  28,37,68,71,72,92
4  59
5  15,46,66,76,81,86,90
6  7,62,87
7  1,79,99
8  2,24,29,34,39,51,53,57,58,61,63,65
9  11,22,70
10  14,18,33,40,50,83,84,91
11  23,30,31,35,45,47,67
12  8,10,17,73,85,89,94,98
13  5,43
14  36
15  9,44,49
16  21,74
17  6,12,13,38,93,97
18  69,80
19  3,16,25,42,56,100
20  4,26,60,64
21  19,20,27,41,54,55,75,77,78,88
Value of SSE: 0.7821026067601704

#Run5

1  4,11,32,52,59,60,64,70
2  3,14,16,25,26,40,42,50,56,80,84,100
3  5,7,9,15,23,30,35,43,44,45,46,47,49,62,66,67,76,81,86,87,90
4  18,21,69,74,91
5  6,13,38,97
6  2,24,29,34,39,51,53,57,58,61,63,65
7  10,19,27,54,55,73,78,85,88,89
8  22,28,33,36,37,48,68,71,72,82,83,92,95,96
9  8,17,94,98
10  12,75,93
11  1,31,79,99
12  20,41,77
Value of SSE: 0.36043457396335177

